     0/299     5.47G      5.72      64.4      3.05      73.2         6       512         0         0   0.00114         0      4.04      4.87      2.43
     1/299     4.82G      4.16      3.42      2.66      10.2         6       512         0         0    0.0749         0      2.86      1.63      2.13
     2/299     4.82G      3.31      2.56      2.49      8.36         8       512      0.25   0.00833     0.158    0.0161      2.13      1.55      2.03
     3/299     4.82G      2.87      2.66       2.4      7.93         7       512         0         0     0.219         0      2.41      1.34      1.96
     4/299     4.82G      2.59       2.3      2.22      7.11         8       512     0.207     0.447     0.233     0.283      1.91     0.915      1.85
     5/299     4.82G      2.74      1.54      2.23      6.51         6       512     0.105      0.82     0.197     0.187      2.78      1.11       1.8
     6/299     4.82G      2.92      1.35      2.31      6.58         6       512    0.0799     0.794     0.177     0.145      2.32      1.37      1.76
     7/299     4.82G      2.64      1.37      2.18      6.18         7       512      0.11     0.705     0.153      0.19      2.63      1.09      1.75
     8/299     4.82G      2.63      1.15      2.15      5.93         7       512     0.127     0.602     0.155     0.209       2.3     0.815      1.72
     9/299     4.82G      2.16      1.17      2.05      5.38        12       512     0.147     0.533     0.198     0.229      1.79     0.669       1.7
    10/299     4.82G      2.12      1.04      2.03       5.2         8       512     0.178     0.455     0.243     0.254      2.23     0.647      1.67
    11/299     4.82G      2.45     0.946      2.14      5.53         8       512     0.189     0.466     0.265     0.267      1.45     0.633      1.68
    12/299     4.82G      1.96     0.953      1.97      4.89         7       512     0.205     0.508     0.303      0.29      1.65     0.572      1.62
    13/299     4.82G      2.02     0.874      1.91      4.81         8       512     0.207     0.513      0.33     0.292      1.92     0.559      1.62
    14/299     4.82G      2.11     0.887      1.96      4.96         8       512     0.204      0.49       0.3     0.285      1.97       0.6      1.63
    15/299     4.82G      1.96     0.885      1.96      4.81         9       512      0.23     0.496     0.314     0.312      1.73      0.55      1.61
    16/299     4.82G      2.62     0.822      1.89      5.32         8       512     0.258     0.521      0.35     0.343      1.48      0.52      1.61
    17/299     4.82G      2.57      0.86      2.13      5.56         7       512     0.273     0.487     0.372     0.349      1.49     0.576      1.57
    18/299     4.82G      2.01     0.747      1.83      4.58         6       512     0.266      0.38     0.359     0.312       1.3     0.676       1.6
    19/299     4.82G      2.11     0.862      1.94      4.91         7       512     0.233     0.612     0.408     0.336      1.57     0.482      1.62
    20/299     4.82G      1.77     0.742      1.92      4.43         6       512     0.247     0.636     0.435     0.355      1.69     0.447      1.52
    21/299     4.82G      1.96     0.715      1.87      4.55         4       512     0.237     0.656     0.426     0.348      1.35     0.443      1.49
    22/299     4.82G      1.78     0.686       1.8      4.27         4       512     0.196     0.697     0.374     0.305      1.59     0.499      1.49
    23/299     4.82G      1.97     0.808      1.77      4.56         8       512     0.273     0.747     0.494     0.398      1.25     0.476      1.51
    24/299     4.82G      2.22     0.696      1.83      4.75         8       512     0.246     0.717     0.462     0.365      1.53     0.465      1.36
    25/299     4.82G      1.82     0.756      1.67      4.24         4       512     0.205      0.67     0.446     0.313      1.94      0.48      1.25
    26/299     4.82G      2.14     0.795      1.71      4.64         9       512     0.288     0.761     0.488     0.417      1.68     0.449      1.26
    27/299     4.82G      1.87     0.726      1.62      4.22         8       512     0.291     0.761      0.52      0.42      1.64     0.461      1.29
    28/299     4.82G      1.99     0.774      1.71      4.48         5       512     0.347       0.6     0.538     0.439      1.43     0.544      1.49
    29/299     4.82G      1.74     0.723      1.71      4.17         6       512     0.324      0.72     0.571     0.445      1.34     0.501      1.18
    30/299     4.82G      1.99      0.75      1.57      4.31         7       512     0.336      0.87     0.646     0.483      1.57     0.502      1.12
    31/299     4.82G      2.24     0.809      1.84      4.89         6       512     0.297     0.924     0.735     0.448      1.56     0.561      1.07
    32/299     4.82G      1.96     0.745      1.55      4.25        10       512     0.309     0.972      0.72     0.468      1.31     0.524      1.06
    33/299     4.82G       1.9     0.667      1.44      4.01         7       512     0.383     0.892     0.647     0.532      1.69     0.423     0.971
    34/299     4.82G      1.92     0.748      1.38      4.05         6       512      0.38     0.912     0.706     0.535      1.92     0.429     0.925
    35/299     4.82G      2.54     0.744      1.32       4.6         8       512     0.427     0.955     0.807     0.587       1.3     0.418     0.839
    36/299     4.82G      2.36     0.805      1.25      4.42         9       512     0.457     0.916     0.831     0.594      1.37     0.522     0.915
    37/299     4.82G      2.24     0.782       1.2      4.22         6       512      0.44     0.682     0.635      0.47      1.53     0.655     0.935
    38/299     4.82G      1.68     0.785      1.23      3.69         5       512     0.577     0.214     0.349     0.277      1.59      1.35      1.04
    39/299     4.82G      1.76     0.843      1.15      3.75         5       512     0.617     0.298     0.398     0.381      1.86       1.4      1.16
    40/299     4.82G      2.14     0.943     0.953      4.04         7       512     0.583     0.375     0.487     0.453      2.04         1      0.96
    41/299     4.82G      1.83     0.876       1.1      3.81         6       512     0.625     0.782     0.781     0.681      1.28     0.692      0.72
    42/299     4.82G      1.93     0.842     0.898      3.67        10       512     0.646     0.868     0.844     0.738      1.43     0.623     0.512
    43/299     4.82G      1.95     0.894     0.984      3.83         7       512     0.642     0.937     0.857     0.757       1.5     0.494     0.389
    44/299     4.82G      1.82     0.841     0.859      3.52         9       512     0.742     0.861     0.887     0.784      1.51     0.534     0.498
    45/299     4.82G       1.9      0.77     0.933      3.61         7       512     0.711     0.774     0.779     0.717      1.49      0.56     0.429
    46/299     4.82G      1.92     0.835     0.961      3.71         9       512     0.686     0.848     0.847     0.738      1.49     0.473     0.388
    47/299     4.82G       1.8     0.794     0.804       3.4         8       512     0.758     0.979     0.957     0.845      1.62     0.465     0.416
    48/299     4.82G      2.22      0.74     0.888      3.85         8       512     0.743      0.87     0.842     0.795      1.49     0.492     0.311
    49/299     4.82G      1.59     0.773     0.716      3.08         5       512     0.834     0.922     0.965     0.869     0.976     0.491     0.317
    50/299     4.82G      1.54     0.759     0.662      2.96         8       512      0.87     0.972     0.974     0.916      1.22     0.461      0.31
    51/299     4.82G      1.63     0.696     0.749      3.07         6       512     0.853     0.955     0.968     0.897      1.16     0.486     0.257
    52/299     4.82G      1.87     0.727     0.445      3.04         8       512     0.834     0.963     0.971     0.891      1.28     0.481     0.231
    53/299     4.82G      1.74      0.77     0.633      3.14         8       512     0.867     0.979     0.975     0.915       1.3     0.445     0.242
    54/299     4.82G      1.59     0.727     0.516      2.84         8       512     0.849     0.957     0.974     0.896      1.23     0.464      0.33
    55/299     4.82G      1.88     0.751     0.781      3.41         7       512     0.928      0.97     0.979     0.947      1.12     0.465     0.251
    56/299     4.82G      1.87      0.66     0.437      2.97         4       512     0.846     0.896     0.921     0.866      1.92     0.478     0.266
    57/299     4.82G         2     0.715     0.559      3.28         9       512     0.871     0.855     0.919     0.861      1.59     0.514     0.281
    58/299     4.82G      1.72     0.733      0.59      3.04         7       512     0.812     0.916     0.938     0.856      1.12     0.469     0.315
    59/299     4.82G      1.91      0.69     0.654      3.25         6       512     0.866     0.916     0.949     0.889      1.08     0.423     0.262
    60/299     4.82G      1.93     0.719     0.597      3.25         7       512     0.877      0.99     0.981      0.93      1.15     0.433     0.174
    61/299     4.82G      2.05      0.73     0.445      3.23        10       512     0.855      0.99      0.98     0.914      1.11     0.413     0.218
    62/299     4.82G       1.5     0.708     0.466      2.67         8       512     0.917     0.981     0.981     0.948      1.04      0.41     0.202
    63/299     4.82G      1.48     0.692     0.506      2.68         7       512     0.899     0.979     0.977     0.937      1.11     0.444     0.176
    64/299     4.82G      1.49     0.722     0.352      2.56         8       512     0.902     0.975     0.978     0.936      0.99     0.435     0.168
    65/299     4.82G      1.85     0.668     0.327      2.84         6       512     0.876     0.973     0.963     0.914      1.27       0.4     0.162
    66/299     4.82G      1.66     0.663     0.465      2.78         8       512      0.91     0.973      0.97     0.938      1.22     0.397     0.175
    67/299     4.82G      1.62     0.699     0.319      2.63         5       512      0.93     0.956     0.974     0.942      1.04     0.398     0.224
    68/299     4.82G      1.41     0.688      0.45      2.55        11       512     0.904     0.963     0.976     0.932      1.07     0.413     0.228
    69/299     4.82G       1.4     0.663     0.458      2.52         6       512     0.883     0.913     0.959     0.891      1.07      0.48      0.24
    70/299     4.82G         2     0.685     0.479      3.17         8       512     0.864     0.758     0.836     0.787      1.08      0.64     0.578
    71/299     4.82G      2.29     0.708     0.723      3.72         7       512     0.893     0.872     0.953     0.876     0.937     0.484     0.371
    72/299     4.82G      1.34     0.711     0.517      2.57         8       512     0.833     0.903      0.95     0.861      1.02      0.46     0.255
    73/299     4.82G      1.42     0.614     0.446      2.48         7       512     0.824     0.904     0.944     0.858      1.06     0.478     0.245
    74/299     4.82G      1.45     0.662     0.451      2.56         8       512     0.861     0.958      0.96     0.905     0.984     0.444     0.188
    75/299     4.82G      1.91     0.606     0.482         3         6       512     0.886     0.979     0.975      0.93      1.16     0.419     0.169
    76/299     4.82G      1.45     0.674      0.56      2.68         9       512     0.846     0.971      0.97     0.902      1.06     0.402     0.193
    77/299     4.82G      1.64     0.684     0.364      2.69         6       512     0.903     0.938     0.946     0.917      1.06     0.423     0.157
    78/299     4.82G      1.43     0.727     0.474      2.63         7       512     0.898     0.942     0.968     0.914      1.01     0.414     0.169
    79/299     4.82G      1.46     0.688     0.391      2.54        11       512     0.932     0.969     0.992     0.949      1.18     0.401     0.134
    80/299     4.82G      1.45     0.643     0.367      2.46         8       512     0.897     0.963     0.966     0.926      1.05     0.427     0.195
    81/299     4.82G      1.82     0.639      0.27      2.73         6       512     0.881     0.939     0.966     0.903     0.941     0.404     0.194
    82/299     4.82G      1.77     0.587     0.375      2.73         6       512     0.938     0.923     0.962     0.929         1     0.372     0.147
    83/299     4.82G      1.74     0.589     0.318      2.65         5       512      0.94     0.895     0.968     0.916      1.08      0.39     0.139
    84/299     4.82G      1.54      0.69     0.339      2.57         6       512     0.962     0.962     0.987     0.962     0.942     0.368     0.135
    85/299     4.82G      1.33     0.594      0.35      2.27         6       512     0.939     0.949     0.979     0.943       1.1     0.392     0.141
    86/299     4.82G      1.87     0.526     0.355      2.75         7       512     0.947     0.957     0.979     0.952      1.12     0.377     0.158
    87/299     4.82G      1.48     0.668     0.298      2.45         7       512     0.961      0.97     0.985     0.965     0.829     0.371     0.172
    88/299     4.82G       1.3     0.569     0.291      2.16         5       512     0.954      0.98     0.985     0.967     0.842     0.364      0.17
    89/299     4.82G      1.51     0.649     0.302      2.46         6       512     0.926      0.99     0.982     0.956     0.944     0.362      0.19
    90/299     4.82G      1.51     0.574     0.984      3.07         5       512      0.96     0.948     0.978     0.953     0.816     0.368     0.209
    91/299     4.82G      1.71     0.543     0.702      2.96         7       512      0.97      0.95     0.979     0.959     0.733     0.373     0.185
    92/299     4.82G      1.68     0.629     0.307      2.61         7       512     0.958     0.963     0.977      0.96      1.07     0.387     0.157
    93/299     4.82G      1.67     0.628     0.422      2.72        10       512     0.954     0.979     0.985     0.966     0.884     0.381     0.111
    94/299     4.82G      1.27     0.567     0.407      2.24         6       512     0.966     0.975     0.976      0.97     0.887     0.451     0.104
    95/299     4.82G      1.77     0.674     0.487      2.93        10       512     0.936     0.972     0.978     0.953     0.857     0.457     0.101
    96/299     4.82G      1.65     0.667     0.358      2.67         7       512     0.911     0.979      0.98     0.943      0.93     0.399     0.107
    97/299     4.82G      1.33     0.631     0.313      2.27         5       512     0.884     0.979     0.981     0.928      1.03     0.366     0.115
    98/299     4.82G      1.17     0.634     0.262      2.07         7       512     0.859     0.979     0.982     0.912     0.875     0.356      0.13
    99/299     4.82G      1.47     0.682     0.365      2.52         8       512     0.866      0.99     0.985     0.922     0.819     0.335      0.13
   100/299     4.82G      1.22     0.605     0.258      2.08         6       512     0.934      0.99     0.985      0.96     0.971     0.332    0.0946
   101/299     4.82G      1.32     0.544      0.18      2.04         6       512     0.957     0.977      0.99     0.966     0.871     0.359    0.0916
   102/299     4.82G      1.29     0.601      0.22      2.11         7       512     0.919      0.99     0.986     0.951     0.936      0.35     0.101
   103/299     4.82G      1.22     0.565     0.242      2.03         7       512     0.927      0.99     0.986     0.957     0.834     0.319     0.105
   104/299     4.82G      1.62     0.584     0.272      2.48         8       512     0.942      0.98     0.987     0.961      1.02      0.32     0.103
   105/299     4.82G      1.21     0.577     0.229      2.01         8       512     0.973     0.979     0.987     0.976     0.853     0.319     0.105
   106/299     4.82G      1.14     0.552      0.18      1.88         5       512     0.983     0.986     0.985     0.984     0.775     0.324     0.108
   107/299     4.82G      1.15     0.553     0.201       1.9         8       512     0.973     0.984     0.985     0.978     0.714      0.33     0.104
   108/299     4.82G      1.12     0.587     0.351      2.06         6       512     0.976     0.986     0.984     0.981     0.773     0.324     0.122
   109/299     4.82G      1.76     0.563     0.355      2.68         7       512     0.951     0.978     0.985     0.963     0.707     0.311     0.128
   110/299     4.82G      1.03     0.529     0.277      1.84         6       512     0.903     0.971     0.982      0.93      0.71     0.312     0.144
   111/299     4.82G       1.2     0.531     0.296      2.02         5       512     0.884      0.96      0.97     0.913     0.768      0.33     0.128
   112/299     4.82G      1.73     0.538     0.391      2.66         7       512     0.942     0.978     0.981     0.959     0.795     0.345     0.117
   113/299     4.82G      1.46     0.603     0.252      2.32         8       512     0.939     0.963     0.983     0.951     0.891     0.366     0.113
   114/299     4.82G      1.49     0.532      0.36      2.39         9       512      0.96      0.99     0.988     0.974     0.791     0.352    0.0935
   115/299     4.82G      1.68     0.609     0.223      2.51         8       512     0.956     0.979     0.988     0.967     0.869     0.328     0.107
   116/299     4.82G      1.22     0.579     0.248      2.05         7       512     0.935      0.99     0.991     0.961     0.943     0.339     0.101
   117/299     4.82G      1.88     0.608     0.282      2.77         7       512     0.948     0.979     0.983     0.963     0.748     0.349    0.0956
   118/299     4.82G      1.72     0.547     0.247      2.52         6       512     0.931     0.969     0.981     0.949     0.754     0.347    0.0935
   119/299     4.82G      1.03     0.553      0.19      1.77         7       512     0.907     0.979     0.985     0.942     0.687     0.329    0.0794
   120/299     4.82G      1.45     0.584     0.199      2.24         9       512      0.91      0.99     0.981     0.948     0.824     0.313    0.0757
   121/299     4.82G      1.28      0.52     0.174      1.98         8       512     0.949         1      0.99     0.974     0.682      0.31    0.0765
   122/299     4.82G       1.2     0.528     0.181      1.91         9       512     0.947         1      0.99     0.972     0.999     0.321    0.0776
   123/299     4.82G      1.64     0.534     0.158      2.33         6       512     0.958      0.99     0.994     0.973     0.715     0.341    0.0846
   124/299     4.82G      1.03     0.528     0.153      1.71         7       512     0.959     0.979     0.995     0.968     0.779     0.363    0.0861
   125/299     4.82G      1.42     0.486     0.147      2.06         6       512      0.95     0.985     0.995     0.966     0.787     0.366     0.084
   126/299     4.82G       1.1     0.485     0.168      1.76         7       512     0.976      0.99     0.995     0.983     0.727     0.396    0.0829
   127/299     4.82G      1.26     0.532     0.164      1.95         5       512     0.971      0.99     0.987      0.98     0.757     0.403    0.0829
   128/299     4.82G      1.23     0.422     0.351      2.01         7       512     0.977     0.989      0.99     0.983      0.81     0.384    0.0841
   129/299     4.82G      1.03     0.516     0.265      1.81         8       512      0.97      0.99     0.987      0.98     0.796     0.365    0.0816
   130/299     4.82G      1.29     0.508     0.205         2         9       512     0.961      0.99     0.988     0.975     0.761     0.337    0.0854
   131/299     4.82G      1.03     0.486     0.178       1.7         8       512     0.976      0.99     0.988     0.983     0.721     0.322    0.0882
   132/299     4.82G      1.15     0.479      0.14      1.77         7       512     0.985     0.987     0.991     0.986     0.678     0.326    0.0798
   133/299     4.82G      1.16     0.527     0.236      1.92         6       512     0.988     0.987     0.992     0.987     0.619     0.306    0.0745
   134/299     4.82G      1.06     0.471     0.168       1.7         7       512     0.982     0.989     0.995     0.985     0.646     0.305    0.0702
   135/299     4.82G      1.05     0.563     0.174      1.79        10       512     0.985     0.988     0.994     0.986     0.599       0.3    0.0697
   136/299     4.82G      1.18     0.477     0.204      1.87         7       512     0.985     0.988     0.988     0.986     0.697     0.317    0.0704
   137/299     4.82G      1.08     0.467     0.194      1.75         4       512      0.97     0.988     0.985     0.979     0.757     0.315    0.0699
   138/299     4.82G      1.41     0.526     0.204      2.14         7       512     0.976     0.988     0.987     0.982     0.714     0.303    0.0707
   139/299     4.82G     0.923     0.554     0.106      1.58         6       512     0.971     0.979     0.986     0.975     0.633     0.295     0.072
   140/299     4.82G      1.21     0.432      0.16       1.8         5       512     0.969     0.985     0.987     0.977     0.671     0.287    0.0733
   141/299     4.82G      1.22     0.441      0.12      1.78        10       512     0.968     0.989     0.987     0.978     0.761     0.283    0.0758
   142/299     4.82G     0.955     0.426     0.121       1.5         5       512     0.967      0.99     0.985     0.978     0.739      0.28    0.0781
   143/299     4.82G         1     0.436     0.228      1.67         6       512     0.981      0.99     0.985     0.985     0.661      0.28    0.0819
   144/299     4.82G     0.905     0.457      0.11      1.47         9       512     0.969      0.99     0.987     0.979     0.613     0.279    0.0807
   145/299     4.82G      1.14      0.52     0.231      1.89        11       512     0.964      0.99     0.987     0.977     0.705     0.273    0.0833
   146/299     4.82G      1.12     0.494     0.182       1.8        11       512     0.954      0.99     0.987     0.972     0.638     0.275    0.0789
   147/299     4.82G      1.16     0.427    0.0986      1.69         7       512     0.957      0.99     0.986     0.973     0.716     0.267    0.0752
   148/299     4.82G      1.26     0.427     0.168      1.85         8       512     0.954     0.979     0.986     0.966     0.616     0.274    0.0735
   149/299     4.82G       1.2     0.494     0.149      1.85         5       512     0.956     0.989     0.993     0.972     0.586     0.269    0.0693
   150/299     4.82G      1.41     0.472     0.191      2.07         7       512     0.955     0.998     0.994     0.976     0.689     0.263    0.0696
   151/299     4.82G      1.17     0.494      0.14      1.81         6       512     0.957         1     0.992     0.977     0.594     0.267    0.0682
   152/299     4.82G     0.888     0.455     0.141      1.48         9       512     0.959     0.998     0.994     0.978     0.588     0.257    0.0662
   153/299     4.82G     0.885     0.446     0.116      1.45         6       512     0.958         1     0.993     0.978     0.577     0.251    0.0653
   154/299     4.82G     0.883     0.486     0.124      1.49         6       512     0.958     0.998     0.993     0.977     0.547     0.253    0.0628
   155/299     4.82G     0.913     0.462     0.123       1.5         6       512     0.958      0.99     0.989     0.973     0.572     0.263    0.0604
   156/299     4.82G     0.828     0.447     0.134      1.41         6       512      0.96     0.979     0.987     0.969     0.632     0.299    0.0636
   157/299     4.82G      0.87     0.501     0.114      1.49         8       512     0.955     0.978     0.986     0.966     0.631     0.301    0.0682
   158/299     4.82G     0.809     0.471     0.168      1.45         6       512     0.961     0.985     0.989     0.973     0.549     0.295     0.065
   159/299     4.82G     0.814     0.488     0.139      1.44         9       512     0.971      0.99     0.993      0.98     0.649     0.259    0.0789
   160/299     4.82G      0.78     0.403     0.112      1.29         6       512     0.968      0.99     0.994     0.979     0.552      0.24    0.0684
   161/299     4.82G     0.848     0.423     0.144      1.41         7       512     0.974      0.99     0.994     0.982     0.634     0.235    0.0585
   162/299     4.82G      1.45     0.423    0.0696      1.95         5       512     0.959      0.99     0.994     0.974     0.549     0.247    0.0593
   163/299     4.82G     0.851     0.447    0.0911      1.39         7       512     0.959      0.99     0.994     0.974     0.517     0.258    0.0601
   164/299     4.82G     0.889     0.407     0.154      1.45         7       512     0.977      0.99     0.992     0.983      0.58      0.26    0.0613
   165/299     4.82G       1.3     0.403      0.12      1.82         9       512     0.975      0.99     0.994     0.982     0.529      0.26     0.061
   166/299     4.82G     0.963     0.407     0.101      1.47         6       512     0.971      0.99     0.994      0.98     0.526     0.261    0.0589
   167/299     4.82G      1.24     0.443    0.0762      1.76         7       512     0.967      0.99     0.994     0.978     0.521     0.259    0.0586
   168/299     4.82G      1.22     0.415    0.0989      1.74         7       512     0.961      0.99     0.994     0.975     0.597     0.247     0.059
   169/299     4.82G      1.04     0.468     0.134      1.64        10       512     0.972      0.99     0.993     0.981     0.552     0.255    0.0618
   170/299     4.82G     0.798     0.464     0.119      1.38         6       512     0.972     0.988     0.993      0.98     0.526     0.254    0.0664
   171/299     4.82G     0.998     0.516    0.0952      1.61         6       512     0.968      0.99     0.993     0.979     0.568     0.263    0.0664
   172/299     4.82G      1.15     0.422     0.113      1.69         5       512     0.967      0.99     0.993     0.978     0.511     0.262      0.06
   173/299     4.82G      1.21     0.432     0.127      1.77         8       512     0.963      0.99     0.993     0.976     0.564     0.253    0.0565
   174/299     4.82G     0.839     0.371    0.0795      1.29         6       512     0.963      0.99     0.994     0.976     0.562      0.25    0.0533
   175/299     4.82G      1.49     0.411     0.244      2.14         9       512     0.963      0.99     0.994     0.976     0.593     0.242    0.0532
   176/299     4.82G     0.823     0.432     0.106      1.36         7       512     0.961      0.99     0.991     0.975     0.488     0.245    0.0592
   177/299     4.82G      1.01     0.422     0.116      1.55         9       512      0.96      0.99     0.988     0.974      0.46     0.247    0.0584
   178/299     4.82G     0.819     0.437     0.108      1.36         9       512     0.962      0.99     0.987     0.975     0.479      0.24    0.0548
   179/299     4.82G      1.03     0.472     0.118      1.62         6       512     0.967      0.99     0.987     0.978      0.54     0.227    0.0518
   180/299     4.82G     0.979     0.468    0.0956      1.54         9       512     0.968      0.99     0.987     0.978     0.527     0.211    0.0499
   181/299     4.82G     0.772     0.435     0.072      1.28         8       512     0.971      0.99     0.987      0.98      0.49     0.214    0.0501
   182/299     4.82G         1     0.426     0.118      1.55         7       512     0.972      0.99     0.987     0.981     0.501     0.219    0.0504
   183/299     4.82G     0.849     0.383    0.0947      1.33         6       512     0.969      0.99     0.987     0.979     0.619      0.23    0.0497
   184/299     4.82G      1.07     0.398     0.185      1.65         4       512      0.97      0.99     0.987      0.98     0.563     0.245    0.0504
   185/299     4.82G      1.16     0.391    0.0849      1.64         7       512      0.97      0.99     0.986      0.98     0.483     0.246     0.052
   186/299     4.82G      0.99     0.386    0.0859      1.46         6       512     0.968      0.99     0.986     0.979     0.514     0.239    0.0525
   187/299     4.82G     0.756     0.396     0.089      1.24         7       512     0.965      0.99     0.987     0.977     0.473     0.237    0.0536
   188/299     4.82G     0.974      0.38     0.106      1.46         9       512     0.967      0.99     0.987     0.978     0.482     0.236    0.0553
   189/299     4.82G     0.707     0.389    0.0569      1.15         8       512      0.97      0.99     0.985      0.98     0.463     0.236    0.0541
   190/299     4.82G     0.693     0.393     0.128      1.21         7       512     0.969     0.989     0.987     0.979     0.489     0.237    0.0546
   191/299     4.82G      0.73     0.377     0.144      1.25         9       512     0.968      0.99     0.987     0.978      0.48     0.242    0.0556
   192/299     4.82G     0.898     0.364    0.0634      1.33         8       512      0.97     0.989     0.987     0.979     0.451     0.235    0.0525
   193/299     4.82G     0.755     0.346    0.0836      1.18        10       512     0.973      0.99     0.987     0.981     0.444     0.236    0.0497
   194/299     4.82G     0.903     0.361    0.0874      1.35         7       512     0.973      0.99     0.991     0.981     0.444     0.235     0.048
   195/299     4.82G     0.918     0.341    0.0748      1.33         8       512      0.97      0.99      0.99      0.98     0.437      0.24    0.0469
   196/299     4.82G      1.16     0.391      0.16      1.71         6       512     0.971      0.99     0.991      0.98     0.442     0.259    0.0449
   197/299     4.82G     0.728     0.374    0.0718      1.17         5       512     0.976      0.99     0.991     0.982     0.465      0.27    0.0439
   198/299     4.82G      1.12     0.352    0.0509      1.52         8       512     0.977      0.99     0.989     0.983     0.396     0.269    0.0435
   199/299     4.82G     0.887     0.377    0.0642      1.33         7       512     0.978      0.99     0.989     0.984     0.394     0.258    0.0425
   200/299     4.82G      1.13     0.444     0.144      1.72         8       512     0.976      0.99     0.989     0.983     0.421     0.245    0.0418
   201/299     4.82G     0.848     0.346    0.0702      1.26         7       512     0.974      0.99     0.988     0.982     0.467     0.235    0.0426
   202/299     4.82G     0.825     0.345    0.0612      1.23         7       512     0.974      0.99     0.989     0.982     0.448     0.232    0.0428
   203/299     4.82G     0.887     0.374     0.111      1.37         7       512     0.976      0.99      0.99     0.983     0.394     0.233    0.0436
   204/299     4.82G     0.854     0.398    0.0968      1.35         8       512     0.976      0.99     0.992     0.983     0.444     0.232    0.0435
   205/299     4.82G     0.907     0.317     0.177       1.4         6       512     0.978      0.99     0.993     0.983     0.374     0.231    0.0447
   206/299     4.82G     0.645     0.346    0.0603      1.05         9       512     0.979      0.99     0.993     0.984     0.468      0.24     0.045
   207/299     4.82G     0.769     0.353    0.0807       1.2         8       512     0.978      0.99     0.994     0.983     0.424     0.242    0.0449
   208/299     4.82G     0.658     0.375    0.0601      1.09         7       512     0.976      0.99     0.994     0.982     0.398     0.233    0.0453
   209/299     4.82G     0.632     0.369    0.0733      1.07         5       512     0.975      0.99     0.994     0.982     0.371     0.229    0.0458
   210/299     4.82G     0.639     0.341      0.11      1.09         9       512     0.974      0.99     0.994     0.981     0.371     0.223    0.0446
   211/299     4.82G     0.813     0.412     0.056      1.28         7       512     0.973      0.99     0.994     0.981     0.404     0.218    0.0435
   212/299     4.82G     0.613     0.351     0.112      1.08         8       512     0.974      0.99     0.994     0.982     0.382     0.208    0.0422
   213/299     4.82G     0.601     0.345    0.0466     0.993         5       512     0.972      0.99     0.995     0.981     0.422     0.212     0.041
   214/299     4.82G      1.03     0.362    0.0459      1.43         7       512     0.975      0.99     0.995     0.982     0.383     0.222      0.04
   215/299     4.82G     0.836     0.345      0.08      1.26         9       512     0.977     0.989     0.995     0.983      0.35     0.233    0.0391
   216/299     4.82G      1.02     0.389     0.069      1.48         6       512     0.979      0.99     0.995     0.984     0.375     0.245    0.0374
   217/299     4.82G      0.85     0.357    0.0487      1.26         9       512     0.982      0.99     0.995     0.986     0.476     0.244    0.0375
   218/299     4.82G     0.546      0.34    0.0585     0.945         9       512     0.981      0.99     0.995     0.985     0.333     0.229    0.0381
   219/299     4.82G     0.727     0.392    0.0644      1.18        10       512     0.983      0.99     0.995     0.986     0.338     0.221    0.0388
   220/299     4.82G     0.754     0.291     0.048      1.09         5       512     0.978      0.99     0.994     0.983     0.366      0.21     0.039
   221/299     4.82G     0.558     0.344    0.0702     0.972         6       512     0.978      0.99     0.994     0.984     0.381     0.205    0.0391
   222/299     4.82G     0.572     0.298    0.0477     0.918         9       512     0.978      0.99     0.994     0.983     0.378     0.204    0.0392
   223/299     4.82G      0.99     0.327     0.044      1.36         7       512     0.978      0.99     0.994     0.984     0.328     0.212    0.0391
   224/299     4.82G     0.529     0.331    0.0903      0.95         9       512     0.978      0.99     0.994     0.984     0.366     0.214    0.0374
   225/299     4.82G      0.97     0.349    0.0393      1.36         7       512     0.978      0.99     0.994     0.984     0.354     0.223    0.0362
   226/299     4.82G     0.764     0.364     0.113      1.24         7       512     0.976      0.99     0.994     0.983      0.32     0.247     0.035
   227/299     4.82G     0.719      0.32     0.041      1.08         9       512     0.974      0.99     0.994     0.982     0.344     0.237    0.0337
   228/299     4.82G      0.74     0.323    0.0376       1.1         9       512     0.975      0.99     0.994     0.982     0.384     0.219     0.033
   229/299     4.82G      1.23     0.315    0.0572       1.6        11       512     0.974      0.99     0.994     0.982     0.349     0.214     0.033
   230/299     4.82G      1.22     0.324    0.0419      1.59        10       512     0.974      0.99     0.994     0.982     0.342     0.216    0.0331
   231/299     4.82G     0.469     0.287    0.0391     0.795        10       512     0.975      0.99     0.994     0.982      0.34     0.226    0.0338
   232/299     4.82G     0.461     0.261    0.0561     0.778         7       512     0.975      0.99     0.994     0.982     0.318     0.229     0.034
   233/299     4.82G     0.807     0.382    0.0599      1.25         6       512     0.973      0.99     0.994     0.981     0.327     0.234    0.0344
   234/299     4.82G     0.504     0.327    0.0436     0.875         7       512     0.973      0.99     0.994     0.981     0.315     0.228    0.0345
   235/299     4.82G     0.703     0.329    0.0418      1.07        10       512     0.974      0.99     0.994     0.982     0.312     0.228    0.0343
   236/299     4.82G      1.13      0.31    0.0441      1.49         4       512     0.974      0.99     0.995     0.982     0.325      0.22    0.0338
   237/299     4.82G     0.903     0.343     0.044      1.29         7       512     0.974      0.99     0.995     0.981     0.323     0.219    0.0334
   238/299     4.82G     0.684     0.295    0.0453      1.02         5       512     0.973      0.99     0.995     0.981     0.313     0.222    0.0331
   239/299     4.82G     0.724      0.33    0.0624      1.12         6       512     0.973      0.99     0.994     0.981     0.302     0.229    0.0324
   240/299     4.82G     0.968     0.325     0.052      1.34         9       512     0.973      0.99     0.994     0.981     0.348     0.233    0.0314
   241/299     4.82G     0.794     0.309    0.0542      1.16        10       512     0.973      0.99     0.995     0.981     0.361     0.235    0.0313
   242/299     4.82G     0.738     0.291    0.0605      1.09         6       512     0.973      0.99     0.995     0.981     0.333     0.234    0.0311
   243/299     4.82G     0.469     0.347    0.0542     0.869        10       512     0.973      0.99     0.995     0.981     0.307      0.23    0.0307
   244/299     4.82G     0.708     0.322    0.0433      1.07         9       512     0.973      0.99     0.995     0.981     0.307      0.22    0.0304
   245/299     4.82G     0.537     0.344     0.036     0.918         9       512     0.975      0.99     0.995     0.982     0.314     0.213    0.0303
   246/299     4.82G     0.634     0.268    0.0351     0.937         7       512     0.976      0.99     0.995     0.983     0.298     0.204    0.0301
   247/299     4.82G     0.621     0.286     0.028     0.935         4       512     0.977      0.99     0.995     0.983     0.292     0.201    0.0298
   248/299     4.82G     0.879      0.36    0.0671      1.31         9       512     0.977      0.99     0.995     0.983     0.294     0.202    0.0296
   249/299     4.82G      0.51     0.339    0.0662     0.915         5       512     0.976      0.99     0.994     0.983     0.315     0.208    0.0291
   250/299     4.82G     0.459     0.251    0.0438     0.754         7       512     0.976      0.99     0.994     0.983      0.31     0.204    0.0287
   251/299     4.82G     0.649     0.269    0.0375     0.956         6       512     0.978      0.99     0.994     0.984     0.282     0.195    0.0281
   252/299     4.82G     0.889     0.338    0.0654      1.29         8       512     0.979      0.99     0.994     0.984     0.264     0.189    0.0275
   253/299     4.82G     0.474     0.272    0.0368     0.783         9       512     0.979      0.99     0.994     0.984     0.295     0.187    0.0271
   254/299     4.82G     0.673     0.268    0.0319     0.973         9       512     0.978      0.99     0.994     0.984     0.253     0.186    0.0271
   255/299     4.82G     0.843     0.266    0.0364      1.15         8       512     0.978      0.99     0.993     0.984      0.27     0.195    0.0273
   256/299     4.82G     0.838     0.328    0.0458      1.21        10       512     0.977      0.99     0.993     0.983     0.277     0.196    0.0271
   257/299     4.82G     0.869     0.283    0.0828      1.23         9       512     0.976      0.99     0.993     0.983     0.285     0.198    0.0267
   258/299     4.82G     0.451     0.282    0.0402     0.773         9       512     0.976      0.99     0.993     0.983     0.255     0.197    0.0267
   259/299     4.82G     0.403     0.313    0.0773     0.793         8       512     0.975      0.99     0.992     0.982      0.28     0.197    0.0261
   260/299     4.82G     0.421     0.307    0.0237     0.752         8       512     0.974      0.99     0.993     0.982     0.259     0.195    0.0259
   261/299     4.82G     0.442      0.29    0.0447     0.777         7       512     0.974      0.99     0.993     0.982     0.267     0.198    0.0257
   262/299     4.82G      1.06     0.285    0.0354      1.38         9       512     0.974      0.99     0.994     0.982     0.263     0.201    0.0256
   263/299     4.82G     0.454     0.278    0.0341     0.766         5       512     0.973      0.99     0.994     0.981      0.31     0.203    0.0254
   264/299     4.82G      0.86     0.292    0.0787      1.23         6       512     0.973      0.99     0.994     0.981     0.283     0.205    0.0246
   265/299     4.82G     0.431     0.293     0.045      0.77        10       512     0.973      0.99     0.994     0.981      0.27     0.211    0.0247
   266/299     4.82G      0.65      0.27    0.0563     0.976         7       512     0.977      0.99     0.995     0.983     0.258     0.208    0.0244
   267/299     4.82G     0.397     0.315    0.0402     0.753         9       512     0.977      0.99     0.995     0.983     0.255     0.208    0.0242
   268/299     4.82G     0.613     0.289    0.0246     0.926         6       512     0.977      0.99     0.995     0.983     0.248     0.201    0.0239
   269/299     4.82G     0.623     0.306    0.0243     0.953         7       512     0.977      0.99     0.995     0.983     0.245     0.193    0.0239
   270/299     4.82G     0.594     0.305    0.0553     0.954         8       512     0.976      0.99     0.995     0.982     0.241     0.189    0.0236
   271/299     4.82G      1.08     0.263     0.039      1.38        10       512     0.976      0.99     0.995     0.982     0.248     0.187    0.0234
   272/299     4.82G     0.632     0.311    0.0298     0.973         6       512     0.975      0.99     0.995     0.982     0.271     0.186    0.0234
   273/299     4.82G     0.588     0.258    0.0289     0.876         8       512     0.975      0.99     0.994     0.982     0.247     0.185    0.0236
   274/299     4.82G     0.352     0.277    0.0286     0.657         9       512     0.974      0.99     0.994     0.982     0.239     0.183    0.0234
   275/299     4.82G     0.384     0.246    0.0321     0.662         6       512     0.974      0.99     0.994     0.982     0.243     0.181    0.0232
   276/299     4.82G     0.629     0.261    0.0203      0.91         6       512     0.975      0.99     0.994     0.982     0.259      0.18    0.0229
   277/299     4.82G     0.624     0.258    0.0601     0.942         4       512     0.975      0.99     0.994     0.982     0.232     0.181     0.023
   278/299     4.82G       0.4     0.332    0.0714     0.803         8       512     0.975      0.99     0.994     0.982     0.223     0.181    0.0228
   279/299     4.82G     0.619      0.26    0.0276     0.906         7       512     0.975      0.99     0.994     0.982     0.239     0.186    0.0226
   280/299     4.82G     0.399     0.314    0.0439     0.758         7       512     0.975      0.99     0.994     0.982     0.239     0.191    0.0227
   281/299     4.82G     0.605      0.29    0.0332     0.929         7       512     0.975      0.99     0.993     0.982     0.241     0.194    0.0228
   282/299     4.82G     0.861     0.277     0.037      1.18         6       512     0.975      0.99     0.993     0.982     0.261     0.194    0.0228
   283/299     4.82G     0.412     0.277     0.025     0.713        11       512     0.976      0.99     0.993     0.983     0.262     0.192    0.0224
   284/299     4.82G      0.62      0.25    0.0253     0.895         6       512     0.976      0.99     0.992     0.982     0.254      0.19    0.0222
   285/299     4.82G     0.435     0.259    0.0548     0.748         7       512     0.975      0.99     0.992     0.982     0.241     0.188    0.0223
   286/299     4.82G     0.371     0.274    0.0668     0.712         8       512     0.975      0.99     0.991     0.982     0.233     0.189    0.0221
   287/299     4.82G     0.565      0.25    0.0285     0.843         5       512     0.975      0.99     0.991     0.982     0.244      0.19    0.0223
   288/299     4.82G     0.804     0.251    0.0299      1.08         8       512     0.974      0.99     0.991     0.982     0.219     0.192    0.0219
   289/299     4.82G     0.597     0.253    0.0499       0.9         6       512     0.974      0.99     0.992     0.982     0.211     0.191    0.0217
   290/299     4.82G     0.367     0.271    0.0292     0.667         9       512     0.974      0.99     0.992     0.982     0.214     0.189    0.0217
   291/299     4.82G     0.602     0.291    0.0375      0.93         7       512     0.974      0.99     0.991     0.982     0.236     0.191    0.0218
   292/299     4.82G     0.328     0.263    0.0289      0.62         7       512     0.974      0.99      0.99     0.982     0.206     0.187    0.0217
   293/299     4.82G     0.354      0.25    0.0252     0.629         8       512     0.974      0.99     0.991     0.982     0.217     0.182    0.0214
   294/299     4.82G     0.412     0.277     0.039     0.727         7       512     0.974      0.99     0.991     0.981     0.232     0.182    0.0212
   295/299     4.82G     0.393      0.26    0.0257     0.679         9       512     0.974      0.99     0.991     0.981     0.212     0.178    0.0211
   296/299     4.82G     0.787     0.255    0.0495      1.09         9       512     0.974      0.99     0.991     0.982     0.213     0.174    0.0207
   297/299     4.82G     0.368     0.244    0.0534     0.665         8       512     0.973      0.99     0.991     0.981     0.212     0.176    0.0207
   298/299     4.82G     0.392     0.278     0.034     0.704         6       512     0.973      0.99      0.99     0.981     0.219     0.177    0.0207
   299/299     4.82G     0.576     0.249    0.0311     0.856         7       512     0.973      0.99     0.991     0.981     0.225     0.175    0.0207
